2104 3 15 399900
1600 3 20 329900
2400 3 18 369000
1416 2 15 232000
3000 4 20 539900
1985 4 15 299900
1534 3 15 314900
1427 3 20 198999
1380 3 18 212000
1494 3 20 242500
1940 4 12 239999
2000 3 18 347000
1890 3 15 329999
4478 5 20 699900
1268 3 10 259900
2300 4 5 449900
1320 2 7 299900
1236 3 15 199900
2609 4 3 499998
3031 4 8 599000
1767 3 16 252900
1888 2 18 255000
1604 3 20 242900
1962 4 14 259900
3890 3 12 573900
1100 2 15 249900
1458 3 19 464500
2526 3 16 469000
2200 3 15 475000
2637 3 18 299900
1839 2 14 349900
1000 1 15 169900
2040 4 17 314900
3137 3 10 579900
1811 4 20 285900
1437 3 20 249900
1239 3 15 229900
2132 4 13 345000
4215 4 10 549000
2162 4 14 287000
1664 2 12 368500
2238 3 18 329900
2567 4 16 314000
1200 3 10 299000
852 2 5 179900
1852 4 15 299900
1203 3 10 239500
1330 3 18 280000
1800 3 20 298000
2100 3 12 365000
